5.269120000000000470e-01
5.236889999999999601e-01
5.204659999999999842e-01
5.220780000000000420e-01
5.220780000000000420e-01
5.156319999999999792e-01
5.124100000000000321e-01
5.091869999999999452e-01
5.043539999999999690e-01
5.011309999999999931e-01
4.962960000000000149e-01
4.914629999999999832e-01
4.801830000000000265e-01
4.689030000000000142e-01
4.624579999999999802e-01
4.511780000000000235e-01
4.398980000000000112e-01
4.302300000000000013e-01
4.173399999999999888e-01
4.044490000000000030e-01
3.883360000000000145e-01
3.754449999999999732e-01
3.609430000000000138e-01
3.432180000000000231e-01
3.271040000000000059e-01
3.142130000000000201e-01
2.964879999999999738e-01
2.771520000000000095e-01
2.594279999999999919e-01
2.417030000000000012e-01
2.239780000000000104e-01
1.998070000000000124e-01
1.836939999999999962e-01
1.627460000000000018e-01
1.417990000000000084e-01
1.224630000000000024e-01
1.031269999999999964e-01
8.540150000000000519e-02
6.445410000000000028e-02
4.673000000000000070e-02
2.739329999999999890e-02
1.772400000000000017e-02
9.668349999999999167e-03
6.444929999999999756e-03
0.000000000000000000e+00
0.000000000000000000e+00
0.000000000000000000e+00
3.222469999999999848e-03
1.611709999999999922e-03
0.000000000000000000e+00
3.222469999999999848e-03
1.610759999999999926e-03
1.610759999999999926e-03
1.610759999999999926e-03
6.444929999999999756e-03
1.772500000000000117e-02
3.383830000000000171e-02
4.672910000000000258e-02
6.767750000000000155e-02
8.540250000000000619e-02
1.047379999999999978e-01
1.224630000000000024e-01
1.434100000000000097e-01
1.659690000000000054e-01
1.804699999999999915e-01
1.998060000000000114e-01
2.175330000000000041e-01
2.384799999999999975e-01
2.545930000000000137e-01
2.723180000000000045e-01
2.835969999999999880e-01
3.045450000000000101e-01
3.190470000000000250e-01
3.287149999999999794e-01
3.496630000000000016e-01
3.625550000000000161e-01
3.802789999999999782e-01
3.883349999999999858e-01
4.044490000000000030e-01
4.141170000000000129e-01
4.221739999999999937e-01
4.318409999999999749e-01
4.431209999999999871e-01
4.495660000000000212e-01
4.560119999999999729e-01
4.672910000000000119e-01
4.705150000000000166e-01
4.753490000000000215e-01
4.801830000000000265e-01
4.850169999999999759e-01
4.882389999999999786e-01
4.866289999999999782e-01
4.882400000000000073e-01
4.898509999999999809e-01
4.882400000000000073e-01
4.882389999999999786e-01
4.866289999999999782e-01
4.850169999999999759e-01
4.785710000000000242e-01
4.753490000000000215e-01
4.689039999999999875e-01
4.656810000000000116e-01
4.560130000000000017e-01
4.479549999999999921e-01
4.398980000000000112e-01
4.318420000000000036e-01
4.173399999999999888e-01
4.108939999999999815e-01
3.996149999999999980e-01
3.835020000000000095e-01
3.754449999999999732e-01
3.593310000000000115e-01
3.416069999999999940e-01
3.303269999999999817e-01
3.174359999999999959e-01
3.013219999999999787e-01
2.868200000000000194e-01
2.739289999999999781e-01
2.481480000000000075e-01
2.336459999999999926e-01
2.110869999999999969e-01
1.949730000000000074e-01
1.756369999999999876e-01
1.563009999999999955e-01
1.369650000000000034e-01
1.176279999999999964e-01
1.015149999999999941e-01
8.056829999999999548e-02
6.284240000000000659e-02
4.350570000000000132e-02
1.450249999999999977e-02
1.772400000000000017e-02
3.223419999999999844e-03
-1.611709999999999922e-03
1.610759999999999926e-03
0.000000000000000000e+00
0.000000000000000000e+00
0.000000000000000000e+00
1.611709999999999922e-03
0.000000000000000000e+00
0.000000000000000000e+00
1.611709999999999922e-03
3.222469999999999848e-03
3.222469999999999848e-03
9.667399999999999605e-03
1.933570000000000080e-02
3.383830000000000171e-02
5.478670000000000068e-02
6.928829999999999711e-02
8.862499999999999545e-02
1.079610000000000014e-01
1.256859999999999922e-01
1.482449999999999879e-01
1.643580000000000041e-01
1.869159999999999988e-01
2.094759999999999955e-01
2.255900000000000127e-01
2.433140000000000025e-01
2.642619999999999969e-01
2.819860000000000144e-01
2.980999999999999761e-01
3.142130000000000201e-01
3.303269999999999817e-01
3.464409999999999989e-01
3.657770000000000188e-01
3.770569999999999755e-01
3.947809999999999930e-01
4.076719999999999788e-01
4.205619999999999914e-01
4.318420000000000036e-01
4.447329999999999894e-01
4.544000000000000261e-01
4.624579999999999802e-01
4.737379999999999924e-01
4.817940000000000000e-01
4.898509999999999809e-01
4.962960000000000149e-01
5.027409999999999934e-01
5.107979999999999743e-01
5.124100000000000321e-01
5.140209999999999502e-01
5.188549999999999551e-01
5.204659999999999842e-01
5.220780000000000420e-01
5.252999999999999892e-01
5.236889999999999601e-01
5.236889999999999601e-01
5.188549999999999551e-01
5.188549999999999551e-01
5.124100000000000321e-01
5.075760000000000272e-01
5.043539999999999690e-01
4.979080000000000172e-01
4.946849999999999858e-01
4.850169999999999759e-01
4.769599999999999951e-01
4.689030000000000142e-01
4.592350000000000043e-01
4.463429999999999898e-01
4.350640000000000063e-01
4.253959999999999964e-01
4.092830000000000079e-01
3.931689999999999907e-01
3.851129999999999831e-01
3.657770000000000188e-01
3.512739999999999752e-01
3.399949999999999917e-01
3.206579999999999986e-01
3.029339999999999811e-01
2.884309999999999929e-01
2.707060000000000022e-01
2.529819999999999847e-01
2.336459999999999926e-01
2.143100000000000005e-01
1.933610000000000051e-01
1.740259999999999863e-01
1.546899999999999942e-01
1.337409999999999988e-01
1.176289999999999975e-01
9.506989999999999885e-02
7.734580000000000621e-02
5.639740000000000031e-02
4.350570000000000132e-02
2.094750000000000084e-02
1.289079999999999913e-02
3.222469999999999848e-03
1.610759999999999926e-03
0.000000000000000000e+00
1.611709999999999922e-03
1.610759999999999926e-03
1.610759999999999926e-03
-1.610759999999999926e-03
0.000000000000000000e+00
0.000000000000000000e+00
3.222469999999999848e-03
1.611709999999999922e-03
4.834180000000000421e-03
