2.626499999999999668e-02 -4.738823529411744965e-05 2.686716738197424985e-05
9.829190000000000149e-02 2.654117647058816358e-04 1.607875536480688484e-05
1.880450999999999928e-01 9.194117647058826790e-04 9.128540772532188282e-06
2.823080999999999507e-01 1.137470588235297078e-03 7.607081545064367570e-06
3.835015999999999980e-01 1.222705882352942810e-03 7.538197424892690632e-06
4.840499000000000329e-01 1.194294117647056418e-03 7.676394849785413152e-06
5.844365000000000254e-01 1.184823529411764206e-03 7.434334763948499996e-06
6.848239000000000409e-01 1.127941176470584816e-03 7.468884120171668767e-06
7.861789000000000138e-01 1.118411764705885781e-03 7.607296137339051892e-06
8.851145999999999736e-01 1.109000000000000610e-03 7.572532188841198798e-06
9.866299000000000596e-01 1.099235294117641105e-03 7.399785407725330378e-06
1.086535800000000052e+00 1.108823529411766696e-03 7.399570815450646902e-06
1.187085800000000191e+00 1.118235294117645362e-03 7.572532188841198798e-06
1.287793500000000035e+00 1.118235294117645362e-03 7.538197424892690632e-06
1.388664599999999805e+00 1.108823529411766696e-03 7.572532188841198798e-06
1.488564599999999905e+00 1.165882352941173495e-03 7.468884120171668767e-06
1.589915800000000212e+00 1.099999999999996380e-03 7.572746781115883121e-06
1.690952400000000022e+00 1.127647058823537038e-03 7.468884120171668767e-06
1.791663500000000075e+00 1.099411764705874803e-03 7.468884120171668767e-06
1.892696900000000015e+00 1.099411764705888030e-03 7.572746781115883121e-06
1.991955799999999943e+00 1.222352941176484955e-03 7.607081545064391287e-06
2.093470100000000222e+00 1.137058823529415921e-03 7.572532188841198798e-06
2.193851200000000112e+00 1.213529411764688402e-03 7.503433476394861256e-06
2.295365799999999901e+00 1.090000000000009364e-03 7.537982832618030027e-06
2.394949200000000111e+00 1.204117647058822746e-03 7.572532188841198798e-06
2.494374599999999997e+00 1.146470588235307597e-03 7.572746781115883121e-06
2.595885800000000021e+00 1.194117647058835730e-03 7.572532188841198798e-06
2.696116899999999816e+00 1.146470588235281576e-03 7.537982832618030027e-06
2.796495800000000198e+00 1.147058823529402936e-03 7.745493562231750695e-06
2.897373500000000046e+00 1.222352941176458718e-03 7.641845493562220663e-06
2.998399199999999709e+00 1.241764705882363864e-03 7.607081545064367570e-06
3.099105800000000244e+00 1.185294117647039394e-03 7.641845493562220663e-06
3.198535800000000151e+00 1.231764705882350611e-03 7.537982832618030027e-06
