8.862400000000001180e-03 2.843529411764696634e-05 5.230671673819742729e-04
5.478590000000000543e-02 2.635052941176470667e-03 5.165993562231760297e-04
9.265249999999999875e-02 6.085235294117646507e-03 5.118643776824034763e-04
1.308419999999999861e-01 9.336352941176472714e-03 5.083027896995707907e-04
1.662915000000000088e-01 1.275811764705882256e-02 5.052927038626609316e-04
2.030302999999999969e-01 1.618929411764705520e-02 5.026298283261803126e-04
2.386413000000000284e-01 1.971529411764705655e-02 5.000023605150214151e-04
2.779584999999999972e-01 2.302335294117647049e-02 4.977901287553648932e-04
3.145352999999999621e-01 2.643564705882353247e-02 4.957495708154506520e-04
3.549806000000000350e-01 2.960147058823529506e-02 4.937435622317595677e-04
4.005814999999999793e-01 3.260617647058823565e-02 4.920143776824035088e-04
4.503729999999999678e-01 3.537358823529412194e-02 4.905969957081545351e-04
5.088640999999999304e-01 3.763905882352941434e-02 4.892133047210301539e-04
5.744467000000000878e-01 3.948770588235293172e-02 4.887660944206008570e-04
6.516307000000000071e-01 4.084276470588236313e-02 4.881424892703863073e-04
7.299418999999999214e-01 4.197123529411764947e-02 4.876592274678111217e-04
8.132489999999999997e-01 4.289976470588235252e-02 4.875892703862660807e-04
8.947829999999999950e-01 4.405611764705881506e-02 4.871401287553648240e-04
9.771278999999999382e-01 4.499411764705881639e-02 4.867583690987124269e-04
1.061394500000000019e+00 4.586647058823528633e-02 4.866557939914162973e-04
1.147280000000000078e+00 4.671999999999999070e-02 4.862742489270386226e-04
1.226885500000000073e+00 4.785705882352940532e-02 4.859289699570815049e-04
1.305351799999999951e+00 4.909882352941177114e-02 4.857212446351931185e-04
1.388505099999999937e+00 4.998000000000000359e-02 4.854446351931330866e-04
1.473582500000000017e+00 5.070058823529411535e-02 4.853768240343347279e-04
1.554148099999999921e+00 5.172411764705882320e-02 4.850993562231760230e-04
1.644706900000000083e+00 5.235000000000000070e-02 4.849276824034334712e-04
1.730913499999999994e+00 5.311764705882354720e-02 4.848585836909871031e-04
1.817443199999999814e+00 5.383823529411765202e-02 4.848922746781115871e-04
1.900915299999999863e+00 5.470058823529413278e-02 4.849261802575106852e-04
1.988724200000000053e+00 5.541176470588236175e-02 4.845474248927038601e-04
2.078000799999999870e+00 5.601764705882351231e-02 4.845126609442060349e-04
2.170009599999999761e+00 5.658647058823529363e-02 4.845122317596565900e-04
