1.240750000000000186e-02 -6.635294117647062579e-05 2.691233905579399569e-04
7.073830000000000395e-02 1.781988235294117498e-03 2.616551502145922988e-04
1.284241000000000132e-01 4.104235294117647252e-03 2.566403433476394731e-04
1.820828999999999920e-01 6.587588235294117647e-03 2.530448497854077437e-04
2.388023999999999702e-01 8.900352941176470356e-03 2.504504291845493797e-04
2.927827000000000068e-01 1.138370588235294509e-02 2.481686695278969906e-04
3.485353999999999952e-01 1.381970588235294402e-02 2.460596566523604945e-04
4.094446999999999948e-01 1.601870588235294532e-02 2.443306866952789412e-04
4.672915000000000263e-01 1.824617647058823094e-02 2.425330472103004377e-04
5.157938999999999163e-01 2.102335294117647566e-02 2.409763948497853868e-04
5.671950000000000047e-01 2.366794117647058951e-02 2.392819742489269905e-04
6.398677999999999866e-01 2.508952941176470844e-02 2.384165236051502340e-04
7.202737999999999641e-01 2.617041176470588301e-02 2.382450643776824045e-04
8.055143000000000164e-01 2.707076470588234973e-02 2.380362660944205957e-04
8.933328999999999853e-01 2.779123529411765131e-02 2.378291845493562412e-04
9.821228000000000735e-01 2.839764705882352053e-02 2.377596566523604825e-04
1.063332600000000072e+00 2.944941176470588021e-02 2.374143776824034460e-04
1.147285799999999911e+00 3.041647058823529481e-02 2.370349785407725078e-04
1.239131200000000099e+00 3.089058823529411413e-02 2.372431330472103120e-04
1.330007799999999962e+00 3.137411764705883011e-02 2.369656652360514987e-04
1.424600100000000147e+00 3.175294117647058101e-02 2.369302575107296146e-04
1.520144399999999951e+00 3.200000000000000067e-02 2.369993562231759556e-04
1.621343299999999932e+00 3.202764705882354263e-02 2.370682403433476012e-04
1.717380999999999824e+00 3.223647058823530392e-02 2.369654506437768034e-04
1.816959900000000072e+00 3.219823529411763863e-02 2.368605150214592148e-04
1.912508800000000120e+00 3.247352941176469970e-02 2.369663090128755305e-04
2.011770999999999976e+00 3.259647058823531007e-02 2.372431330472103120e-04
2.109904199999999896e+00 3.263470588235294761e-02 2.371381974248927234e-04
2.209326500000000415e+00 3.274823529411764050e-02 2.373120171673819847e-04
2.306160799999999789e+00 3.294764705882352596e-02 2.372757510729613735e-04
2.405584200000000283e+00 3.307999999999999829e-02 2.373459227467810827e-04
2.505807599999999802e+00 3.304235294117648103e-02 2.372757510729613735e-04
2.603621899999999822e+00 3.321294117647059785e-02 2.375182403433476392e-04
