1.111839999999999877e-02 0.000000000000000000e+00 3.955763948497853771e-04
6.074790000000000051e-02 2.341188235294117213e-03 3.884193133047210162e-04
1.061880999999999936e-01 5.298470588235295112e-03 3.837858369098712513e-04
1.482443999999999984e-01 8.341117647058823512e-03 3.800847639484978744e-04
1.909446999999999950e-01 1.144058823529411732e-02 3.773538626609441744e-04
2.325180000000000025e-01 1.464429411764705743e-02 3.746918454935621741e-04
2.768302999999999736e-01 1.765847058823529284e-02 3.723060085836909778e-04
3.219479999999999564e-01 2.063476470588235245e-02 3.701961373390558088e-04
3.686769000000000296e-01 2.359211764705881897e-02 3.678789699570814815e-04
4.181451999999999947e-01 2.624605882352940706e-02 3.663927038626609706e-04
4.724477999999999733e-01 2.883382352941176591e-02 3.647680257510728928e-04
5.319076000000000359e-01 3.099452941176470550e-02 3.635214592274677980e-04
6.005500999999999756e-01 3.264429411764706301e-02 3.626918454935622619e-04
6.790227999999999264e-01 3.395223529411765112e-02 3.621042918454936009e-04
7.597520999999999303e-01 3.500429411764706400e-02 3.618278969957081288e-04
8.403192999999999913e-01 3.604699999999999571e-02 3.613439914163090469e-04
9.215320999999999652e-01 3.707976470588234680e-02 3.613100858369098947e-04
1.005326999999999860e+00 3.815999999999999948e-02 3.607568669527896682e-04
1.086049899999999901e+00 3.911823529411765504e-02 3.610667381974248477e-04
1.168225400000000080e+00 4.012294117647058345e-02 3.606873390557940179e-04
1.255244299999999980e+00 4.090941176470586776e-02 3.600989270386266297e-04
1.341126499999999888e+00 4.178117647058825213e-02 3.600641630901287504e-04
1.426684999999999981e+00 4.253058823529410476e-02 3.597536480686695662e-04
1.513542699999999908e+00 4.319352941176471394e-02 3.595459227467811799e-04
1.605709300000000006e+00 4.363000000000000211e-02 3.595450643776823985e-04
1.693208200000000163e+00 4.426470588235292825e-02 3.595465665236051303e-04
1.784253599999999995e+00 4.487117647058824765e-02 3.592008583690986761e-04
1.871904499999999860e+00 4.548764705882352849e-02 3.593725321888412822e-04
1.964562300000000095e+00 4.592294117647058305e-02 3.593379828326180711e-04
2.058987700000000309e+00 4.625529411764703336e-02 3.593721030042918373e-04
2.156633400000000034e+00 4.645411764705881935e-02 3.592699570815450442e-04
2.251701100000000011e+00 4.682411764705881468e-02 3.596150214592274937e-04
2.346927700000000172e+00 4.704235294117645877e-02 3.593038626609441964e-04
