1.434100000000000132e-02 3.791764705882344938e-05 1.439841201716738229e-04
7.847280000000000921e-02 1.345976470588234643e-03 1.342682403433476503e-04
1.380931999999999993e-01 3.592352941176469704e-03 1.282512875536480639e-04
1.944898999999999933e-01 5.943058823529410659e-03 1.245856223175965439e-04
2.508876000000000439e-01 8.312647058823527044e-03 1.218197424892703776e-04
3.063178000000000289e-01 1.069176470588235547e-02 1.194675965665235976e-04
3.764115000000000100e-01 1.235052941176470985e-02 1.181877682403433688e-04
5.001632999999999774e-01 1.105200000000000279e-02 1.191218884120171705e-04
5.596221000000000112e-01 1.330782352941176604e-02 1.173929184549356172e-04
6.301989999999999537e-01 1.486235294117647064e-02 1.163214592274678202e-04
7.201130000000000031e-01 1.545964705882353629e-02 1.162864806866952861e-04
8.113152999999999615e-01 1.591447058823529728e-02 1.160098712446352000e-04
9.055786999999999587e-01 1.632211764705882029e-02 1.159755364806867113e-04
1.002745900000000079e+00 1.658705882352940614e-02 1.159064377682403568e-04
1.101361299999999988e+00 1.663470588235294728e-02 1.158723175965665093e-04
1.200773599999999997e+00 1.671117647058823277e-02 1.160100858369098818e-04
1.301009100000000140e+00 1.670117647058823318e-02 1.160787553648068591e-04
1.398974500000000010e+00 1.692882352941176352e-02 1.159753218884120024e-04
1.499845700000000059e+00 1.692882352941176352e-02 1.159755364806867113e-04
1.599105699999999963e+00 1.696647058823529119e-02 1.161824034334764112e-04
1.701262300000000005e+00 1.682470588235294995e-02 1.162175965665236270e-04
1.800683399999999823e+00 1.692882352941176352e-02 1.163916309012875836e-04
1.901393399999999900e+00 1.701411764705881846e-02 1.161828326180257476e-04
2.000492300000000334e+00 1.700470588235292874e-02 1.163901287553647840e-04
2.102006800000000286e+00 1.692882352941174964e-02 1.163208154506437613e-04
2.199172300000000302e+00 1.702352941176471166e-02 1.163214592274678202e-04
2.299562300000000281e+00 1.713705882352940454e-02 1.164246781115879816e-04
2.398660000000000014e+00 1.714647058823529427e-02 1.163212446351931384e-04
2.499688899999999769e+00 1.709941176470589075e-02 1.165296137339055701e-04
2.600562300000000437e+00 1.720352941176469044e-02 1.164244635193133269e-04
2.700460000000000083e+00 1.719411764705882500e-02 1.163903433476394929e-04
2.801005700000000154e+00 1.722294117647056935e-02 1.165289699570815654e-04
2.899947699999999795e+00 1.728882352941178355e-02 1.165628755364806770e-04
