0.000000000000000000e+00 1.482439999999999973e-02
9.999999999999999167e-02 1.150499999999999995e-01
1.999999999999999833e-01 2.157600000000000073e-01
2.999999999999999889e-01 3.150189999999999935e-01
3.999999999999999667e-01 4.175010000000000110e-01
4.999999999999999445e-01 5.175659999999999705e-01
5.999999999999999778e-01 6.173089999999999966e-01
6.999999999999999556e-01 7.172119999999999607e-01
7.999999999999999334e-01 8.174379999999999979e-01
8.999999999999999112e-01 9.175029999999999575e-01
9.999999999999998890e-01 1.018210000000000059e+00
1.099999999999999867e+00 1.117790000000000061e+00
1.199999999999999956e+00 1.218990000000000018e+00
1.300000000000000044e+00 1.319860000000000033e+00
1.400000000000000133e+00 1.420570000000000110e+00
1.500000000000000222e+00 1.521439999999999904e+00
1.600000000000000311e+00 1.622309999999999919e+00
1.700000000000000400e+00 1.723179999999999934e+00
1.800000000000000488e+00 1.824210000000000109e+00
1.900000000000000577e+00 1.923950000000000049e+00
2.000000000000000444e+00 2.024820000000000064e+00
2.100000000000000533e+00 2.126180000000000181e+00
2.200000000000000622e+00 2.227850000000000108e+00
2.300000000000000711e+00 2.327269999999999950e+00
2.400000000000000799e+00 2.427020000000000177e+00
2.500000000000000888e+00 2.526759999999999895e+00
2.600000000000000977e+00 2.628919999999999924e+00
2.700000000000001066e+00 2.728499999999999925e+00
2.800000000000001155e+00 2.828889999999999905e+00
2.900000000000001243e+00 2.929920000000000080e+00
3.000000000000001332e+00 3.030790000000000095e+00
3.100000000000001421e+00 3.131339999999999790e+00
3.200000000000001510e+00 3.232209999999999805e+00
