0.000000000000000000e+00 1.482439999999999973e-02
9.999999999999999167e-02 1.153730000000000033e-01
1.999999999999999833e-01 2.162429999999999908e-01
2.999999999999999889e-01 3.151800000000000157e-01
3.999999999999999667e-01 4.170179999999999998e-01
4.999999999999999445e-01 5.111200000000000188e-01
5.999999999999999778e-01 5.862089999999999801e-01
6.999999999999999556e-01 6.322940000000000227e-01
7.999999999999999334e-01 6.598479999999999901e-01
8.999999999999999112e-01 6.783789999999999543e-01
9.999999999999998890e-01 6.915919999999999845e-01
1.099999999999999867e+00 7.035160000000000302e-01
1.199999999999999956e+00 7.125390000000000335e-01
1.300000000000000044e+00 7.207569999999999810e-01
1.400000000000000133e+00 7.286529999999999951e-01
1.500000000000000222e+00 7.349369999999999514e-01
1.600000000000000311e+00 7.404159999999999631e-01
1.700000000000000400e+00 7.463779999999999859e-01
1.800000000000000488e+00 7.504060000000000175e-01
1.900000000000000577e+00 7.554020000000000179e-01
2.000000000000000444e+00 7.591069999999999762e-01
2.100000000000000533e+00 7.631360000000000365e-01
2.200000000000000622e+00 7.668420000000000236e-01
2.300000000000000711e+00 7.710310000000000219e-01
2.400000000000000799e+00 7.740930000000000311e-01
2.500000000000000888e+00 7.769930000000000447e-01
2.600000000000000977e+00 7.803769999999999873e-01
2.700000000000001066e+00 7.834389999999999965e-01
2.800000000000001155e+00 7.863390000000000102e-01
2.900000000000001243e+00 7.890779999999999461e-01
3.000000000000001332e+00 7.916570000000000551e-01
3.100000000000001421e+00 7.945569999999999578e-01
3.200000000000001510e+00 7.974580000000000002e-01
