-0.4235
-0.4235
-0.4385
-0.4310
-0.4310
-0.4235
-0.4159
-0.4084
-0.4009
-0.4009
-0.3934
-0.3934
-0.3859
-0.3783
-0.3633
-0.3558
-0.3483
-0.3332
-0.3257
-0.3182
-0.3107
-0.2956
-0.2806
-0.2655
-0.2505
-0.2355
-0.2204
-0.2129
-0.1904
-0.1753
-0.1603
-0.1377
-0.1302
-0.0926
-0.0700
-0.0550
-0.0475
-0.0400
-0.0249
-0.0249
-0.0024
0.0202
0.0578
0.0728
0.0954
0.1180
0.1330
0.1480
0.1631
0.1856
0.2007
0.2157
0.2307
0.2533
0.2683
0.2834
0.2984
0.3059
0.3285
0.3360
0.3586
0.3661
0.3811
0.3962
0.4037
0.4112
0.4338
0.4338
0.4413
0.4639
0.4639
0.4714
0.4789
0.4864
0.5015
0.4939
0.5015
0.5090
0.5090
0.5165
0.5090
0.5165
0.5165
0.5165
0.5165
0.5165
0.5165
0.5165
0.5090
0.5090
0.5015
0.4864
0.4864
0.4789
0.4789
0.4639
0.4488
0.4488
0.4338
0.4263
0.4187
0.4112
0.3962
0.3811
0.3661
0.3511
0.3435
0.3210
0.3135
0.2909
0.2834
0.2683
0.2533
0.2383
0.2157
0.2007
0.1856
0.1706
0.1480
0.1330
0.1104
0.0879
0.0804
0.0352
0.0202
-0.0024
-0.0099
-0.0324
-0.0475
-0.0625
-0.0776
-0.0926
-0.1076
-0.1302
-0.1528
-0.1528
-0.1828
-0.1979
-0.2054
-0.2279
-0.2355
-0.2580
-0.2655
-0.2731
-0.2956
-0.3031
-0.3182
-0.3182
-0.3332
-0.3483
-0.3558
-0.3633
-0.3708
-0.3859
-0.3934
-0.4009
-0.4009
-0.4159
-0.4084
-0.4159
-0.4159
-0.4235
-0.4460
-0.4385
-0.4460
-0.4235
-0.4310
-0.4310
-0.4310
-0.4159
-0.4235
-0.4084
-0.4084
-0.4084
-0.3934
-0.3934
-0.3783
-0.3783
-0.3708
-0.3633
-0.3483
-0.3407
-0.3332
-0.3182
-0.3107
-0.2956
-0.2731
-0.2731
-0.2505
-0.2355
-0.2279
-0.2054
-0.1904
-0.1828
-0.1678
-0.1452
-0.1302
-0.1076
-0.1001
-0.0776
-0.0625
-0.0475
-0.0249
-0.0099
0.0127
0.0277
0.0578
0.0804
0.0879
0.1104
0.1330
0.1556
0.1631
0.1856
0.2007
0.2232
0.2383
0.2533
0.2683
0.2984
0.3059
0.3135
0.3285
0.3285
0.3586
0.3661
0.3811
0.3962
0.4037
0.4187
0.4263
0.4338
0.4488
0.4563
0.4639
0.4714
0.4789
0.4864
0.4939
0.5015
0.5015
0.5090
0.5090
0.5165
0.5090
0.5240
0.5165
0.5240
0.5165
0.5165
0.5165
0.5015
0.5090
0.5015
0.5015
0.4939
0.4864
0.4789
0.4714
0.4639
0.4488
0.4488
0.4338
0.4338
0.4263
0.4037
0.3962
0.3736
0.3736
0.3511
0.3435
0.3285
0.3135
0.2984
0.2834
0.2608
0.2383
0.2307
0.2157
0.2007
0.1856
0.1706
0.1556
0.1255
0.1104
0.0954
0.0879
0.0653
0.0352
0.0127
-0.0174
-0.0174
-0.0324
-0.0475
-0.0700
-0.0926
-0.1076
-0.1302
-0.1377
-0.1603
-0.1828
-0.1979
-0.2204
-0.2279
-0.2430
-0.2505
-0.2655
-0.2731
-0.2881
-0.3031
-0.3182
-0.3257
-0.3332
-0.3483
-0.3558
-0.3708
-0.3708
-0.3859
-0.3934
-0.4009
-0.4009
-0.4084
-0.4159
-0.4159
-0.4235
-0.4235
-0.4235
-0.4235
-0.4310
-0.4310
-0.4310
-0.4235
-0.4235
-0.4235
-0.4159
-0.4159
-0.4084
-0.4009
-0.4009
-0.3934
-0.3783
-0.3783
-0.3708
-0.3633
-0.3407
-0.3407
-0.3257
-0.3182
-0.3031
-0.2956
-0.2731
-0.2655
-0.2505
-0.2430
-0.2279
-0.2129
-0.2054
-0.1753
-0.1678
-0.1452
-0.1377
-0.1152
-0.0926
-0.0776
-0.0625
-0.0475
-0.0324
-0.0099
0.0052
0.0277
0.0578
0.0728
0.0954
0.1180
0.1255
0.1556
0.1706
0.1856
0.2007
0.2157
0.2307
0.2383
0.2683
0.2759
0.2909
0.3135
0.3210
0.3360
0.3511
0.3661
0.3736
0.3962
0.4037
0.4112
0.4263
0.4338
0.4413
0.4488
0.4639
0.4714
0.4789
0.4789
0.4939
0.5015
0.5015
0.5090
0.5090
0.5090
0.5165
0.5165
0.5165
0.5165
0.5165
0.5015
0.5165
0.5090
0.5090
0.5015
0.4939
0.4939
0.4864
0.4789
0.4639
0.4563
0.4563
0.4488
0.4413
0.4263
0.4187
0.4112
0.3962
0.3887
0.3736
0.3586
0.3435
0.3285
0.3210
0.2984
0.2909
0.2759
0.2533
0.2383
0.2232
0.2157
0.2007
0.1631
0.1556
0.1255
0.1180
0.1029
0.0879
0.0728
0.0277
0.0202
-0.0024
-0.0249
-0.0400
-0.0625
-0.0700
-0.1001
-0.1076
-0.1302
-0.1377
-0.1528
-0.1753
-0.1904
-0.1979
-0.2129
-0.2355
-0.2430
-0.2655
-0.2731
-0.2881
-0.2956
-0.3107
-0.3257
-0.3332
-0.3483
-0.3558
-0.3708
-0.3708
-0.3783
-0.3934
-0.3934
-0.4009
-0.4084
-0.4084
-0.4159
-0.4159
-0.4235
-0.4235
-0.4310
-0.4310
-0.4235
-0.4235
-0.4235
-0.4159
-0.4235
-0.4159
-0.4084
-0.4159
-0.4009
-0.4009
-0.3934
-0.3859
-0.3783
-0.3633
-0.3633
-0.3483
-0.3332
-0.3257
-0.3182
-0.3107
-0.2956
-0.2806
-0.2655
-0.2505
-0.2355
-0.2279
-0.2054
-0.1904
-0.1828
-0.1603
-0.1528
-0.1302
-0.1152
-0.1001
-0.0851
-0.0625
-0.0475
-0.0249
-0.0099
-0.0024
0.0277
0.0578
0.0804
0.0879
0.1104
0.1255
0.1480
0.1706
0.1781
0.2007
0.2157
0.2307
0.2533
0.2608
0.2834
0.2909
0.2984
0.3360
0.3511
0.3661
0.3661
0.3811
0.3887
0.4037
0.4037
0.4263
0.4338
0.4413
0.4563
0.4563
0.4714
0.4714
0.4789
0.4864
0.4864
0.4939
0.4939
0.5015
0.5015
0.5165
0.5090
0.5165
0.5165
0.5090
0.5165
0.5090
0.5090
0.5015
0.5090
0.4939
0.4939
0.4864
0.4864
0.4789
0.4639
0.4563
0.4488
0.4413
0.4338
0.4263
0.4112
0.3962
0.3887
0.3661
0.3661
0.3435
0.3285
0.3210
